Feature	Gain	Cover	Frequency
ctrx_quarter	0.085040792558133	0.0205335456819712	0.0290033940141932
mpayroll	0.0502967153485169	0.0299551759019303	0.0106962871541705
mtarjeta_visa_consumo	0.0461734583213837	0.0141703257044444	0.0196441427542939
mcaja_ahorro	0.0388437721543714	0.0189440218313987	0.0300318831636326
ctarjeta_visa_trx	0.0369854510718051	0.0221620729630243	0.0190270492646303
mpasivos_margen	0.0352009797813406	0.0188734665985953	0.0260207754808187
mcuentas_saldo	0.033067165835581	0.023829406380941	0.0291062429291371
mactivos_margen	0.0317000283193197	0.0189895865393546	0.0210840275635092
cpayroll_trx	0.0306864576840102	0.0148650319423425	0.00380540985292605
Visa_mconsumospesos	0.0281710456232615	0.0110489332688234	0.0222153656278926
Visa_msaldopesos	0.026884051931119	0.021735372398279	0.0266378689704824
mcuenta_corriente	0.0236810467873726	0.012421960256769	0.0165586753059755
mautoservicio	0.0184091436214197	0.0189639586043591	0.0178957112002468
mrentabilidad_annual	0.0183464904632244	0.0176871147842124	0.0209811786485653
Visa_fechaalta	0.0179862846272621	0.0149782633021933	0.0271521135452021
cliente_edad	0.0178666956114819	0.0209969175654656	0.0259179265658747
mprestamos_personales	0.0175818178430108	0.0174602928889512	0.00668517947135658
Master_Fvencimiento	0.0174725421979099	0.0201764644700501	0.0245808906716034
Master_fechaalta	0.0168464596844966	0.0194557964156505	0.0265350200555384
Visa_msaldototal	0.0162337381394407	0.00952152149599959	0.0152216394117042
mrentabilidad	0.0145588435935284	0.014271420977431	0.0188213514347424
Visa_mpagominimo	0.0138168083595058	0.0118174273195608	0.0164558263910316
cliente_antiguedad	0.0136096533071739	0.0132854688900342	0.0223182145428366
numero_de_cliente	0.0133852896216408	0.01393195454436	0.0232438547773321
Master_mfinanciacion_limite	0.0131556523357157	0.0135056789197132	0.0219068188830608
mcomisiones	0.0129969350183463	0.0129675934610218	0.0202612362439576
chomebanking_trx	0.0127673508195137	0.0120301553682177	0.0173814666255271
cextraccion_autoservicio	0.0122894580795913	0.00409771254744912	0.00668517947135658
Visa_mpagospesos	0.0122664562287454	0.00987510201091772	0.0189242003496863
Visa_Fvencimiento	0.0121963207864817	0.0131099231000068	0.0220096677980047
Visa_mfinanciacion_limite	0.0115993890305005	0.0160922589471644	0.019438444924406
mtransferencias_emitidas	0.0114139483299258	0.0108545029384608	0.0123418697932737
cprestamos_personales	0.011378706460891	0.00347650577018066	0.00215982721382289
mcomisiones_otras	0.0109512302940909	0.0105153805045172	0.0169700709657513
mtransferencias_recibidas	0.0100430704415934	0.0095195940891237	0.0151187904967603
ccomisiones_otras	0.00890853034803556	0.0131672394252139	0.0120333230484418
mpagomiscuentas	0.00780749053408757	0.0135276948638704	0.0138846035174329
Visa_mlimitecompra	0.00772265606393114	0.011159372165169	0.013576056772601
mcaja_ahorro_dolares	0.00770987873641688	0.0170399563080638	0.0128561143679934
Master_status	0.00770866928972006	0.00792078732092063	0.001954129383935
mcomisiones_mantenimiento	0.00769491230432359	0.0146060967167712	0.00894785560012342
Master_mlimitecompra	0.00758334117624936	0.0102073343446908	0.0129589632829374
ccomisiones_mantenimiento	0.007445693036816	0.0154359743765168	0.00658233055641263
ctransferencias_recibidas	0.00659184774456645	0.0114177256275101	0.00833076211045974
Visa_mconsumototal	0.00635047268756442	0.00797231636668931	0.01172477630361
cproductos	0.00617149838536734	0.00795577911451792	0.00884500668517947
mextraccion_autoservicio	0.0061589294425054	0.010231459812909	0.00946210017484315
mtarjeta_visa_debitos_automaticos	0.00600894395569247	0.00726204416827385	0.00987349583461894
Visa_cconsumos	0.00592335007527854	0.00743800478077846	0.0104905893242826
ctarjeta_visa_debitos_automaticos	0.0053280647058621	0.00724630620819272	0.00946210017484315
thomebanking	0.00532377630770658	0.00477298789345659	0.00349686310809421
ctransferencias_emitidas	0.00488154326331516	0.0150601755650135	0.00781651753574
mcuenta_debitos_automaticos	0.00473482280025963	0.00820239107722922	0.0104905893242826
Master_mpagospesos	0.00470357292387445	0.0161750312078032	0.009770646919675
Visa_mpagado	0.00450590646260418	0.0113547535519428	0.00802221536562789
ctarjeta_debito_trx	0.00438125934719651	0.0103147177193748	0.0133703589427132
ccuenta_debitos_automaticos	0.00354583982466624	0.0107532508423426	0.00833076211045974
Master_msaldopesos	0.00352655155237566	0.00434495686149766	0.00442250334258974
Master_msaldototal	0.00348624367883812	0.00351119909394677	0.00483389900236553
ccallcenter_trx	0.00340941051617616	0.00650604032114949	0.00185128046899105
Master_mpagominimo	0.00334592404036001	0.00536728179781229	0.00442250334258974
Visa_mconsumosdolares	0.00285715494222899	0.00315236753352423	0.00555384140697316
mdescubierto_preacordado	0.00275744585582708	0.00722692590440912	0.00236552504371079
tcallcenter	0.00274001114671747	0.00329032636006632	0.00154273372415921
ccaja_ahorro	0.00269966152379596	0.009841875742254	0.00339401419315026
Master_mconsumospesos	0.00236921211968941	0.00438287264767832	0.00483389900236553
matm	0.00227810165074861	0.00680373109547736	0.00791936645068395
ctarjeta_debito	0.00208789483071279	0.0033684091031882	0.0037025609379821
Master_fultimo_cierre	0.00201237534196149	0.00180505953916663	0.00318831636326237
mplazo_fijo_dolares	0.00200665394296176	0.0138847356053059	0.00236552504371079
ctarjeta_master	0.00198014654021986	0.000520688208701438	0.00102848914943947
cmobile_app_trx	0.00188775760216784	0.00215675817650514	0.00267407178854263
catm_trx	0.00185615254716023	0.00547361799868188	0.00442250334258974
ccajas_consultas	0.00185202565421668	0.00982563695991378	0.00185128046899105
cpagomiscuentas	0.00161551519814223	0.00624819779868888	0.00627378381158079
Master_cconsumos	0.00146462401200822	0.00390251327786044	0.00462820117247763
Visa_Finiciomora	0.00138949035223808	0.00639050214362045	0.00133703589427132
Master_mconsumototal	0.0013511323793247	0.00196628889491899	0.00246837395865474
ccaja_seguridad	0.00131637199324345	0.00628943722349805	0.00143988480921526
Visa_mpagosdolares	0.0012899806546886	0.0038391516738694	0.00277692070348658
Visa_fultimo_cierre	0.00109741908796947	0.0012177923228703	0.00205697829887895
tpaquete9	0.0010182245165161	0.00641021127009941	0.00154273372415921
Visa_status	0.000959282877067336	0.00566731986030398	0.00102848914943947
cseguro_accidentes_personales	0.00094360807303991	0.00697571548277344	0.00164558263910316
cinversion1	0.00091413222830618	0.0078171778190172	0.00102848914943947
ctarjeta_master_trx	0.000848422351475444	0.0020268529765941	0.00154273372415921
ccajas_trx	0.000845410230750451	0.00271374335196392	0.00102848914943947
tpaquete7	0.000844094013939816	0.00612550140402232	0.000925640234495526
Master_mpagado	0.000690419962025997	0.00695670953098147	0.00164558263910316
mtarjeta_master_consumo	0.000678463455658084	0.00304839885606125	0.00205697829887895
ctarjeta_master_debitos_automaticos	0.000606745780614919	0.00367960690207943	0.00113133806438342
cplazo_fijo	0.000535469408343223	0.00289311866168961	0.000822791319551579
Visa_msaldodolares	0.000534676533534465	0.00215875134792011	0.00102848914943947
Visa_delinquency	0.000531560331255835	0.000872715668735316	0.000925640234495526
tmobile_app	0.000502540413829966	0.00608177810316048	0.000925640234495526
active_quarter	0.000478936867572945	0.000265891090280952	0.000719942404607631
ctarjeta_visa	0.000471766077606651	0.000218641798362686	0.000617093489663684
mtarjeta_visa_descuentos	0.000447804813438579	0.00525768772285326	0.00205697829887895
internet	0.000406476199468722	0.00252159960403677	0.000617093489663684
mcheques_emitidos	0.000397800351686709	0.00160342546237024	0.000205697829887895
cseguro_vivienda	0.000388164477169761	0.000818070395576738	0.000617093489663684
ccajas_extracciones	0.000370719740172361	0.00219435525761184	0.000514244574719737
ccheques_emitidos	0.000309419082708003	0.00153705386601396	0.000205697829887895
catm_trx_other	0.000252462457971174	0.000918310729555373	0.000925640234495526
Master_mconsumosdolares	0.000219935375431739	0.000722610637707606	0.000822791319551579
tpaquete1	0.000214263042221778	0.0039112245498822	0.000514244574719737
minversion2	0.000207502973055424	0.0038767436961654	0.000514244574719737
Master_mpagosdolares	0.000198478074856595	0.000534685937902492	0.00102848914943947
mttarjeta_master_debitos_automaticos	0.000178643121208123	0.00273687729328536	0.000719942404607631
Master_msaldodolares	0.000178518028234801	6.81017096149577e-05	0.000205697829887895
mforex_sell	0.00015197930525318	0.000751359858903699	0.000411395659775789
Visa_madelantodolares	0.000139064208577195	0.000328625401745452	0.000514244574719737
Visa_cadelantosefectivo	0.000108530306169797	5.14177519333257e-05	0.000205697829887895
matm_other	9.06700250874748e-05	0.000871633083245968	0.00113133806438342
mcheques_depositados	8.4998820183037e-05	0.00173404901340038	0.000308546744831842
mcaja_ahorro_adicional	8.39269332049842e-05	0.00101490871983153	0.000205697829887895
cseguro_auto	8.11896327154366e-05	0.00241025012176557	0.000308546744831842
ctarjeta_visa_descuentos	6.85423514632528e-05	0.000591349676529526	0.000411395659775789
ccheques_depositados	6.09040349118634e-05	0.00153726127725257	0.000205697829887895
ccajeros_propios_descuentos	5.85972234583289e-05	0.00158430315793223	0.000205697829887895
Master_madelantopesos	4.92460061179818e-05	0.000183963651028669	0.000617093489663684
ccajas_depositos	2.71684786708301e-05	0.000641669666541411	0.000102848914943947
Master_delinquency	2.52467509869191e-05	0.000127795675850027	0.000102848914943947
mcajeros_propios_descuentos	1.44652908391205e-05	0.000304434168988155	0.000205697829887895
cseguro_vida	1.00108247218116e-05	0.000192158924359246	0.000102848914943947
Visa_madelantopesos	1.20258814932259e-08	0.000218353446152906	0.000411395659775789
Master_cadelantosefectivo	2.98899239188934e-11	4.71582333257047e-05	0.000205697829887895
cforex_sell	1.07972848721181e-12	0.000117025467874225	0.000205697829887895
Master_madelantodolares	1.0870575493449e-13	2.17275919474256e-05	0.000102848914943947
