fecha	cp	minsplit	minbucket	maxdepth	xval_folds	ganancia	iteracion
20220522 092317	-0.252632118236215	5121	1456	18	5	9249000	1
20220522 092340	-0.724241270119091	7141	825	9	5	8602000	2
20220522 092357	0.0248091742119869	2479	927	11	5	0	3
20220522 092426	-0.603267562831752	3080	510	12	5	10255000	4
20220522 092453	-0.767452807142399	4710	692	16	5	10008000	5
20220522 092512	-0.99658631610655	6548	339	6	5	9415000	6
20220522 092535	-0.531045090629777	7914	1320	16	5	8534000	7
20220522 092559	-0.186733954075316	4263	1656	20	5	9512000	8
20220522 092622	-0.404987114791584	2834	1098	7	5	9823000	9
20220522 092640	-0.0827505692941485	3922	104	5	5	10462000	10
20220522 092653	-0.812218203944212	5869	1832	3	5	8125000	11
20220522 092725	-0.470886456291191	6475	187	19	5	9415000	12
20220522 092746	-0.214187077304814	2742	658	6	5	10434000	13
20220522 092810	-0.0507435838808304	6632	1049	12	5	9415000	14
20220522 092836	-0.535399224219145	1337	453	8	5	10476000	15
20220522 092901	-0.743477606214583	4404	1897	17	5	9452000	16
20220522 092936	-0.414514723572694	3791	110	14	5	10364000	17
20220522 093001	-0.799446318733809	5112	1173	9	5	9350000	18
20220522 093014	-0.115461165065529	5609	4	3	5	8082000	19
20220522 093043	-0.448540091657848	3319	579	19	5	9965000	20
20220522 093117	-0.227538555219071	3102	157	13	5	10213000	21
20220522 093129	0.0950569679164517	7990	471	3	5	0	22
20220522 093148	-0.521764386618054	3707	2	5	5	9933000	23
20220522 093226	-0.560150764131617	2183	128	20	5	10210000	24
20220522 093251	-0.589620102379972	271	2	7	5	9850000	25
20220522 093317	-0.084800404450587	4060	1144	20	5	9743000	26
20220522 093355	-0.331710519728924	2814	2	13	5	10169000	27
20220522 093415	-0.268699420008059	760	379	5	5	10598000	28
20220522 093445	-0.199941079597188	22	11	9	5	9688000	29
20220522 093529	-0.413498562641491	90	1	14	5	8926000	30
20220522 093543	-0.283334189944898	2898	374	3	5	9019000	31
20220522 093615	-0.244443111568385	1377	686	15	5	9935000	32
20220522 093645	-0.372023250812793	5047	453	20	5	9871000	33
20220522 093703	-0.565695491211457	2476	1238	4	5	8902000	34
20220522 093752	-0.658625812285383	2052	3	18	5	9484000	35
20220522 093836	-0.50928831868687	1451	1	15	5	9386000	36
20220522 093901	-0.320002129514899	23	2	7	5	9882000	37
20220522 093935	-0.78202321833124	1092	312	13	5	9789000	38
20220522 094020	-0.606979237750653	5084	2	20	5	9688000	39
20220522 094034	-0.248201509523101	137	5	3	5	8248000	40
20220522 094100	-0.269145008942531	1958	917	8	5	10354000	41
20220522 094127	-0.0970260029949952	7963	477	13	5	8534000	42
20220522 094154	-0.143684365548175	4056	383	9	5	10422000	43
20220522 094225	-0.914718536350233	3513	386	17	5	10248000	44
20220522 094250	-0.0884831723733429	6352	1017	20	5	9652000	45
20220522 094321	-0.167960181237423	2342	329	11	5	10378000	46
20220522 094341	-0.0819760405269126	5018	1984	6	5	9054000	47
20220522 094422	-0.269625788099035	324	155	18	5	8035000	48
20220522 094447	-0.999946801198396	3949	1971	20	5	9478000	49
20220522 094516	-0.364118665218755	3604	432	11	5	10237000	50
20220522 094541	-0.329201855896729	1041	509	7	5	10396000	51
20220522 094610	-0.842063215583286	2179	1037	20	5	9951000	52
20220522 094633	-0.925896385944713	7992	1937	14	5	8534000	53
20220522 094718	-0.999861096913754	32	11	15	5	5162000	54
20220522 094737	-0.886170161849568	4477	141	5	5	10306000	55
20220522 094806	-0.898410812570855	6174	367	20	5	9680000	56
20220522 094830	-0.271799324463439	1642	393	7	5	10667000	57
20220522 094850	-0.926923958374494	3642	979	5	5	10240000	58
20220522 094912	-0.125984205281841	1270	629	6	5	10216000	59
20220522 094940	-0.181319703864938	3922	1032	13	5	10072000	60
20220522 095009	-0.557539709496997	3438	209	10	5	10111000	61
20220522 095037	-0.593609203526015	2350	1122	20	5	9393000	62
20220522 095103	-0.907429307539885	3391	1684	19	5	9512000	63
20220522 095134	-0.853239425640804	3832	458	15	5	10237000	64
20220522 095156	-0.448307268988604	2219	414	6	5	10508000	65
20220522 095219	-0.0784290775992821	4477	550	7	5	10237000	66
20220522 095243	-0.0656908219793192	6878	1998	20	5	8607000	67
20220522 095309	-0.748538514237078	2787	248	8	5	10334000	68
20220522 095329	-0.822197037117169	2334	502	5	5	10317000	69
20220522 095401	-0.746741311412038	2979	454	20	5	10379000	70
20220522 095424	-0.905898758316022	3997	522	7	5	10237000	71
20220522 095444	-0.696651627905716	1381	486	5	5	10584000	72
20220522 095458	-0.934512784598508	4688	436	3	5	8913000	73
20220522 095519	-0.999901381708635	4720	1996	6	5	9206000	74
20220522 095542	-0.737502732882595	1719	848	6	5	9877000	75
20220522 095604	-0.672186528200636	2572	283	6	5	10328000	76
20220522 095638	-0.812334473058726	3430	248	18	5	10021000	77
20220522 095658	-0.401327696644271	1407	336	5	5	10795000	78
20220522 095724	-0.999983593518818	5855	1055	17	5	9682000	79
20220522 095745	-0.535419443675489	858	346	5	5	10601000	80
20220522 095816	-0.703618351055743	2696	391	12	5	10741000	81
20220522 095847	-0.538712338079	4033	434	20	5	10237000	82
20220522 095909	-0.141656529799405	2785	193	6	5	10416000	83
20220522 095931	-0.297440602971172	1539	357	6	5	10198000	84
20220522 095959	-0.21211426459456	1107	542	8	5	10179000	85
20220522 100021	-0.870882502187924	3120	976	6	5	10087000	86
20220522 100039	-0.711425399790611	2418	3	5	5	10030000	87
20220522 100109	-0.688240345658807	1130	434	9	5	10254000	88
20220522 100138	-0.258314482410462	2830	482	10	5	10483000	89
20220522 100210	-0.10243726532216	3633	3	11	5	9899000	90
20220522 100231	-0.378997841772552	2396	425	5	5	10364000	91
20220522 100251	-0.418381246769584	930	426	5	5	10824000	92
20220522 100316	-0.408556830368825	1205	334	7	5	10101000	93
20220522 100333	-0.473350226455483	1058	524	4	5	10005000	94
20220522 100352	-0.422372454893757	4147	390	5	5	10422000	95
20220522 100420	-0.350127499363909	4956	726	15	5	10055000	96
20220522 100444	-0.410066235741129	4874	2000	20	5	9206000	97
20220522 100515	-0.698752860142597	3137	493	14	5	10255000	98
20220522 100546	-0.747176494997557	3259	360	12	5	10443000	99
20220522 100614	-0.441321233031989	4107	561	12	5	10237000	100
20220522 100643	-0.148565320661567	3590	683	17	5	10258000	101
20220522 100709	-0.953077238331466	5008	991	20	5	9834000	102
20220522 100732	-0.261960057312678	2133	611	6	5	10280000	103
20220522 100803	-0.275384879558322	2574	510	12	5	10281000	104
20220522 100819	-0.426737335920776	1262	404	4	5	9946000	105
20220522 100839	-0.168996727316625	3741	718	5	5	10258000	106
20220522 100909	-0.210895622617549	4812	188	11	5	10082000	107
20220522 100929	-0.487072015848723	936	460	5	5	10767000	108
20220522 100956	-0.87133724535453	4901	793	17	5	10055000	109
20220522 101028	-0.841969840482096	4380	11	11	5	10166000	110
20220522 101047	-0.922965912509862	7998	904	5	5	8534000	111
20220522 101108	-0.892946603262937	54	24	5	5	1e+07	112
20220522 101140	-0.689575101111978	3752	119	12	5	10386000	113
20220522 101207	-0.128697949956483	3205	1353	15	5	9281000	114
20220522 101227	-0.403738162916086	1063	519	5	5	10751000	115
20220522 101314	-0.156853649339848	3731	3	20	5	9535000	116
